# File the network topologies for the simulation
# Node 0 is the attacker, nodes 7,11, and 16 are normal users, and node 20 is the victim

    adj_list1 = [
                [0,1,0,0,0,0,0,0,0,0,0,0,0,0,0,0,0,0,0,0,0],
                [1,0,1,0,0,0,0,0,0,0,0,0,0,0,0,0,0,0,0,0,0],
                [0,1,0,1,0,0,0,0,0,0,0,0,0,0,0,0,0,0,0,0,0],
                [0,0,1,0,1,0,0,0,0,0,0,0,0,0,0,0,0,0,0,0,0],
                [0,0,0,1,0,1,0,0,0,0,1,0,0,0,0,0,0,0,0,0,0],
                [0,0,0,0,1,0,1,0,0,0,0,0,0,0,0,1,0,0,0,0,0],
                [0,0,0,0,0,1,0,0,0,0,0,0,0,0,0,0,0,0,0,0,1],
                [0,0,0,0,0,0,0,0,1,0,0,0,0,0,0,0,0,0,0,0,0],
                [0,0,0,0,0,0,0,1,0,1,0,0,0,0,0,0,0,0,0,0,0],
                [0,0,0,0,0,0,0,0,1,0,1,0,0,0,0,0,0,0,0,0,0],
                [0,0,0,0,1,0,0,0,0,1,0,0,0,0,0,0,0,0,0,0,0],
                [0,0,0,0,0,0,0,0,0,0,0,0,1,0,0,0,0,0,0,0,0],
                [0,0,0,0,0,0,0,0,0,0,0,1,0,1,0,0,0,0,0,0,0],
                [0,0,0,0,0,0,0,0,0,0,0,0,1,0,1,0,0,0,0,0,0],
                [0,0,0,0,0,0,0,0,0,0,0,0,0,1,0,1,0,0,0,0,0],
                [0,0,0,0,0,1,0,0,0,0,0,0,0,0,1,0,0,0,0,1,0],
                [0,0,0,0,0,0,0,0,0,0,0,0,0,0,0,0,0,1,0,0,0],
                [0,0,0,0,0,0,0,0,0,0,0,0,0,0,0,0,1,0,1,0,0],
                [0,0,0,0,0,0,0,0,0,0,0,0,0,0,0,0,0,1,0,1,0],
                [0,0,0,0,0,0,0,0,0,0,0,0,0,0,0,1,0,0,1,0,0],
                [0,0,0,0,0,0,1,0,0,0,0,0,0,0,0,0,0,0,0,0,0],
                                                            ]
    g1 = Graph(5, adj_list1, probability_of_link_failure)
    packet1 = RREQ_Packet(0, 4, 50)
    g1.get_nodes()[0].get_packet(packet1)
    cache_packet1 = RREQ_Packet(0, 4, 50)

    for i in range(100):
        g1.get_nodes()[0].get_packet(copy.deepcopy(cache_packet1))

    print(f"\nSuccess: {get_num_successes()}, Failures: {get_num_failures()}, Prob link Failure: {probability_of_link_failure}")
    print(g1,"\n")